41 10
42 15
51 44
78 30
34 99
89 16
27 37
70 56
58 43
46 9
79 45
57 82
73 62
32 75
91 91
92 84
1 86
0 4
30 30
34 64
29 75
33 8
65 55
17 23
50 63
84 30
61 41
12 34
56 96
9 47
88 53
32 41
40 84
46 70
14 80
35 44
8 68
4 73
23 21
48 26
37 32
56 98
26 68
84 82
64 45
29 4
98 13
46 38
97 92
9 12
24 96
8 84
16 12
9 91
86 57
17 23
42 73
21 68
93 57
50 10
2 31
14 0
45 12
39 94
56 0
58 33
96 18
17 12
83 79
3 69
36 21
92 78
46 65
98 40
22 48
50 76
32 16
76 29
29 67
23 37
67 34
70 15
52 40
79 35
19 83
56 7
56 48
38 54
65 36
94 39
37 44
15 69
13 44
50 42
11 73
79 31
59 2
98 12
42 78
99 13
13 56
20 69
56 10
23 22
99 70
13 36
66 29
57 79
73 7
73 36
32 5
19 92
7 18
56 1
96 7
14 9
63 86
30 20
49 5
94 48
75 7
84 94
88 93
73 13
0 47
50 84
4 21
76 11
39 84
12 87
92 78
48 55
64 30
27 13
88 73
13 63
33 49
9 21
42 83
35 94
82 37
79 86
58 55
49 50
92 13
89 84
91 38
91 7
20 71
73 8
44 86
24 77
36 33
51 78
68 38
73 50
27 4
88 85
11 89
87 3
2 77
87 93
67 79
1 39
50 26
48 46
12 72
76 48
57 79
79 26
17 4
28 44
8 69
81 19
58 21
75 61
50 62
54 17
93 7
56 95
33 56
42 46
28 70
46 86
49 77
64 18
33 92
62 41
61 95
13 20
16 88
33 18
2 87
87 48
47 44
43 80
52 37
78 33
59 77
19 8
6 35
26 40
27 40
33 41
88 98
13 56
38 46
75 41
85 62
41 32
58 36
65 11
74 95
44 33
72 15
94 31
50 72
71 29
13 4
70 53
55 35
9 93
81 84
86 67
47 27
51 57
64 16
68 90
12 64
75 36
79 69
67 81
42 90
11 7
47 33
60 2
21 69
47 2
6 34
21 5
13 73
62 77
41 83
19 53
47 95
42 27
16 61
60 10
52 23
69 51
9 81
5 30
3 52
84 9
86 6
14 0
31 28
29 72
11 1
78 59
48 20
38 64
33 98
27 37
74 96
88 83
30 93
13 33
46 97
42 84
55 8
36 86
36 18
59 48
19 37
59 67
9 97
83 42
47 10
32 21
59 20
4 89
66 69
22 64
19 16
48 74
24 37
61 12
55 20
12 74
9 71
93 70
68 28
64 68
91 96
89 50
69 46
91 87
15 65
51 34
33 51
9 9
88 70
21 43
42 34
69 3
5 14
25 26
43 89
94 34
38 35
36 7
81 79
94 97
96 97
31 29
48 92
38 89
14 11
84 8
45 54
63 3
20 88
81 63
78 27
49 16
62 37
75 44
16 21
41 12
18 24
93 18
17 31
7 83
43 92
92 40
98 55
95 70
44 28
86 74
55 35
42 18
73 69
62 41
90 55
54 60
79 47
30 48
31 38
32 26
82 24
18 80
31 66
50 75
94 36
1 50
24 43
68 49
12 82
90 54
37 96
14 16
96 45
17 27
35 49
5 17
25 23
49 56
89 51
84 84
40 85
86 16
29 54
65 93
88 55
48 25
4 14
93 0
59 10
79 46
59 84
63 36
59 64
93 49
16 77
85 8
62 71
24 43
77 89
37 65
96 37
42 0
51 35
52 63
98 31
9 9
15 25
46 75
89 39
76 57
68 61
65 82
84 89
26 61
78 15
78 27
52 20
27 55
55 32
18 53
63 28
63 31
5 61
58 94
0 86
52 20
99 17
2 83
59 80
96 37
95 74
64 99
94 44
7 1
28 25
7 91
5 22
74 10
83 84
57 35
70 9
55 69
78 57
4 37
38 0
27 85
74 43
37 20
39 44
74 67
21 81
11 27
3 85
37 38
70 46
73 92
55 28
62 86
37 18
23 27
19 2
13 45
46 2
66 85
46 40
5 67
73 16
46 28
1 36
66 23
82 91
16 90
71 30
76 8
48 51
36 19
54 1
65 52
3 83
89 1
75 94
20 48
10 67
28 64
3 46
39 85
37 7
75 60
89 3
68 38
55 4
9 61
5 74
13 60
57 54
61 84
49 82
84 11
49 12
27 4
10 67
41 99
74 69
59 64
72 28
54 79
84 15
40 42
90 5
2 99
60 64
36 61
98 20
24 47
85 52
3 95
71 44
95 97
13 6
13 38
86 67
17 71
83 58
13 25
15 67
76 75
83 12
36 81
33 61
80 18
65 83
65 36
80 60
33 93
19 47
31 5
66 1
76 1
59 41
78 74
61 55
2 44
19 90
26 52
3 58
22 68
94 88
56 74
0 42
19 19
41 3
77 7
4 53
61 15
47 39
89 8
46 43
4 66
34 82
70 89
41 93
10 35
33 66
61 33
60 80
5 1
83 82
61 87
87 22
2 86
13 44
46 12
87 51
30 73
33 0
15 26
45 25
61 78
43 74
64 4
55 21
5 38
55 66
78 94
40 80
81 54
76 27
18 16
78 48
41 64
48 56
90 46
81 4
76 25
78 92
81 33
13 86
24 20
5 2
15 45
34 96
51 63
75 69
79 6
17 20
70 18
29 60
16 10
16 92
87 95
85 68
28 50
7 4
71 12
58 38
57 45
86 61
8 61
30 87
19 0
59 89
70 88
2 86
51 18
30 90
65 67
59 46
18 18
50 41
30 9
79 39
6 65
0 14
78 31
53 98
83 12
39 53
53 93
91 56
12 73
46 29
41 5
75 11
75 26
4 5
87 35
45 93
0 97
59 30
80 12
80 63
76 20
68 29
13 11
85 77
85 84
7 78
41 82
89 17
60 93
22 99
28 19
92 80
69 3
62 49
15 43
65 92
63 33
73 28
97 11
58 82
95 65
12 36
99 1
5 12
46 28
11 74
99 56
6 68
59 68
70 75
63 35
19 78
20 44
7 17
7 65
51 54
82 63
91 81
64 96
93 62
76 57
88 28
13 94
96 72
15 66
99 78
53 70
57 74
15 16
91 22
81 95
77 63
58 20
96 75
68 42
37 97
99 26
25 12
72 73
36 39
92 36
18 45
6 27
71 73
43 15
96 76
10 25
39 68
97 87
95 65
29 85
62 28
63 39
40 35
13 29
75 5
65 45
2 23
72 74
97 67
89 45
43 99
22 34
19 19
21 67
84 3
52 99
31 67
38 24
2 51
53 29
8 70
26 63
45 50
89 42
17 78
39 12
29 61
46 0
80 20
19 17
23 23
16 6
90 54
82 93
58 87
74 18
9 1
33 55
51 22
49 21
0 89
33 81
2 32
34 35
52 53
52 27
77 20
85 67
74 68
12 84
7 39
55 17
40 88
72 43
11 73
16 63
62 50
97 17
82 83
52 86
36 56
13 65
76 98
85 2
18 49
39 26
88 94
43 80
34 67
76 97
40 92
13 55
42 10
72 76
45 76
62 33
32 27
99 8
26 36
62 44
85 1
22 26
47 65
6 82
32 82
79 73
27 44
80 21
6 52
98 51
80 12
85 12
40 84
72 18
72 86
14 57
88 37
83 35
54 42
17 87
76 49
12 3
93 44
77 52
96 75
3 28
39 88
92 79
24 64
49 96
2 64
6 90
53 41
26 7
83 95
46 12
96 10
67 42
54 44
94 2
19 97
30 11
38 22
90 14
38 40
11 41
56 69
31 9
10 9
16 46
57 63
58 5
73 25
47 28
22 93
30 41
43 13
52 81
35 95
95 74
87 58
15 95
79 98
4 42
60 72
88 17
35 98
74 61
75 22
41 97
15 23
91 58
36 95
91 72
42 39
98 29
49 65
76 29
63 80
71 75
53 11
44 40
9 19
53 36
41 94
86 8
70 77
19 6
72 62
30 67
1 28
48 3
93 25
32 9
5 55
84 10
66 29
3 27
48 8
15 41
55 1
1 25
78 20
31 3
83 62
70 36
42 70
39 36
95 23
45 53
78 81
15 96
10 18
75 10
27 91
3 34
44 5
59 23
77 42
78 12
4 0
49 99
70 40
35 18
16 32
71 46
13 86
43 76
57 70
38 36
13 42
70 58
99 29
81 76
71 11
41 28
63 90
27 33
82 14
3 98
46 74
45 11
13 40
39 70
10 78
58 24
72 28
82 23
9 15
51 32
78 92
12 41
34 39
26 17
5 30
67 51
56 64
15 69
4 54
91 67
84 49
43 8
29 77
31 38
92 83
71 22
27 83
63 62
75 41
31 80
23 98
84 80
15 99
49 19
5 41
38 90
42 81
50 72
58 34
10 2
17 33
24 96
69 39
58 44
81 89
76 4
40 12
84 55
11 86
26 69
79 65
11 21
98 61
45 57
95 56
11 64
41 36
61 10
27 19
6 8
61 35
65 1
47 1
8 11
39 34
80 18
51 91
92 50
