561
11080895 1668223067
1860003832 136061706
1662820752 1921833431
1090577928 1302106939
2043990688 2070904407
1019254427 1531280855
1816155364 668262317
1629641192 351468887
441988129 665980856
953644380 1694867137
424712365 1556303701
175664498 807846936
863150414 1621439972
1327906372 484265138
1104035961 1791037650
252793288 1736732265
977062062 360651062
134617237 1961484173
1544187657 739887558
704147468 1956407669
93040304 1208379262
1189809783 966742982
1126166892 699539140
287377104 1105246580
250305397 78939009
55564874 1866249966
1485002607 495931395
940554529 774847952
1889183320 1159863041
2145451601 1508803105
2047804065 2063008608
1798639225 982515947
567865418 774293379
1032372459 687453192
427381478 1093802069
2130052841 920687769
123922411 1024693486
1539540853 2077429997
363887957 1813153098
2098479684 1159585082
996389876 270669751
2050400667 1473436689
1120958446 35485796
654560541 1825564143
1945836120 35726126
1515316912 1875485247
995277385 2061715643
505442792 343566674
1430154294 2105552678
1830653521 83446345
1503420766 1715023770
1289646209 1190372029
950020213 6689543
1080585570 253859061
1895074314 1722827830
841071099 278183169
1663592632 472509198
258357309 587956859
1759081433 220516080
1155154538 338611218
586499570 207143737
1516280469 1800321185
2116432725 1096006695
1069196822 314552341
1443722186 2061173301
758635873 1012007187
518744282 455393566
404177731 698255565
629103530 445941061
129987292 75975809
747280025 725723252
525731194 20087121
1389036036 455929070
420943979 1841255345
1941196395 2004956742
441545484 1871950997
1329855057 1729478892
543772138 1219228793
862225806 1389962992
1326127402 90684453
2146017213 5034174
994224584 1814414681
516221544 26342910
1329673941 1811227420
1081979518 84774085
573706464 1036783402
1841438195 341007815
1360036486 1195210811
1755011941 810484411
916394232 801204511
1019555945 145545933
800856633 1757418156
558985484 597208854
749767776 1503500292
1559082588 1605693643
853678431 462081480
457288632 1238463371
1451855124 579997295
381761857 1431796243
898233289 1912932608
542785245 855423432
1555789141 754221168
80849960 1097460913
1866043532 1012865454
983503052 93132825
623041438 1544382929
696576800 1500986203
1695953798 1813517681
918192890 764720272
1424371577 1135225601
32645511 2091305789
1214615539 928017514
246050554 1603609068
608816255 477003077
1788756294 365290010
1372119620 1018442595
975939078 1129154624
1756586138 1920627634
1820687015 4977492
2003217174 253705930
414966444 1649515058
1754628684 1733561125
2012996192 1485524187
1357289749 1015695364
2134816279 846798404
822281110 1361080365
1309288692 198957058
444947221 1703298934
578587638 1371648631
19330496 1551670936
2053862520 411561175
861566893 773650011
1386899945 1624631119
92369432 1534186276
981341050 102144353
667935538 743312444
195334429 1816190462
1696666484 1245410438
645455231 1125529844
1824579777 383992986
1008509539 2012167216
747412490 878484914
538028897 1040239221
1226491599 632064558
472143597 1256752851
1274972888 2076069930
241000318 1238638395
23954273 1551158722
730810760 208784338
1160012748 1434421701
869694341 2105392883
1807366117 798625677
852995571 1253503364
483665242 23660061
2127249236 2124429229
1778055248 1023081108
1067068856 1555433838
957011489 563763360
595509799 1714979824
1916183802 1075126907
676557712 2095227518
1037450463 795363579
57697565 1214331789
1295383130 1816886472
463812689 597249506
607696088 1665658965
2143904707 1918461567
1438272918 1699745661
96462308 338712615
1026533472 1512702603
185083186 1541997588
2095710366 434702231
607657648 96804667
1312459571 1213789027
1152075254 242789177
467764266 1483963081
486779293 1254124688
1247819221 2108048505
297935036 1448022926
54051295 867172492
1240362114 1824182625
1307198221 1891253578
397205895 90298803
1341326462 134352730
2110079133 2073506278
2146469972 122723227
1470229742 1163488230
1085925322 690856866
751863424 1616933627
1950937522 974614330
1716034192 1284357858
676431256 1006249689
234516604 1361222785
1280373100 1998999741
323547097 1123366303
463730998 277403057
771490942 1231206776
1677480831 459175879
425471415 364644705
640904726 1704133967
283039720 573459878
439393472 110813694
1683595734 911964722
162742888 595370018
1486848470 679894849
69414196 820887722
871711118 1254630067
1247367701 451150747
3977695 219533810
1753359578 136363961
525410961 2085156070
1298612812 1697452275
1096270644 1694115619
47417868 395013522
115796745 817342561
1771544963 2011481026
636782021 1100195445
213542969 1270421497
55693488 329956609
260236204 748157448
1878380727 165771220
430280069 1833490168
1135326230 1242802191
999534072 1845905919
983712603 1615484786
446576034 273824630
484922134 1632390262
192907622 386648768
2006934391 1302741685
2033012719 1344941066
1142780742 450920824
1762651909 1042650533
1310722442 269732820
539698854 1925768995
592069310 393094648
1289139352 1449623266
1746191709 942123187
1664482481 114222745
1837237151 368775512
563031046 969479373
1131976462 272732227
1171242856 1847426372
471295028 968301942
2007616463 871325131
481362527 1536266333
1257253197 862747676
1213311873 675579969
368177767 1148915150
261956607 1346876662
792636057 1759181077
533471153 2125268486
1164134956 1178273007
1987250709 42999839
169155609 288454321
1458684332 1977159770
452820841 816044416
216277813 483037472
1806739642 97134580
1403496136 1640777794
963665287 187300003
570957990 564711342
373324225 1402724667
6545245 1552950543
662111337 1216842061
1895312002 1807122192
425757073 98071331
802027187 7382018
388348562 568636980
90816029 1825145758
1584500856 1517465983
614444684 423116713
1504308374 1744524306
594542801 1759994882
1400129249 177620234
246916675 1141645461
1279667695 280560201
774552327 1502930467
1371879406 400989012
1123230532 1851931605
734759729 1242031297
885690652 1190434452
1331566420 2145244433
1763126877 1369697877
1333080396 588836499
1980328322 1050275841
1107885305 1289975770
458927894 1344509712
2042255679 1660839387
1677410622 804550378
1929908397 1812980984
594156581 624278705
1529056118 1227674054
1791359384 1400591526
449318919 768617412
2118696362 1274637836
1897048506 394716334
1477766053 746179456
1674883121 1826667210
208296887 327337887
1882702437 1212230881
882264063 1108493422
2078420287 601864102
784959848 317250289
1920891712 668952419
1341356760 531346852
1403412551 1189896784
964790911 298360702
601351754 1172453569
400160304 1758378007
1771861348 1084939602
1834358598 572266392
1283575358 132370645
1728439778 975687840
1622659673 875954453
1816002614 86666845
1699609753 313497342
518744794 251541599
795602550 655263046
301918372 1871611563
147891855 1686596919
143395987 777834124
1930871799 357746682
899087724 1727544759
537137671 1641767190
1410603451 1211684046
41493257 826265373
651997781 685541040
1098358695 304726662
498971296 742041042
1527416358 1582157131
1032531644 731676560
1577630348 450924774
365179330 1224391854
554440545 78346262
1407920049 1711190532
382450214 1486946243
1264687261 1668555350
1251433979 391043694
189952914 2076368395
1433437791 2017820009
1412927648 661105960
1487899452 478872220
1066903765 479915712
1714539004 1442129405
207450581 790392146
1437046121 498792462
2147063699 1581651041
305967853 2084038348
1269537451 475801497
1105870696 673106402
1734566644 245920140
1213836277 1268237860
2092512763 1193926357
741004111 149046245
114060703 1503482953
858988238 913886401
1832080925 2118591239
1508685321 1966140554
2113810886 1281791574
528820688 1734667950
393350587 274082809
2075398590 962288381
1752202093 1088191178
1850165167 845613614
2115037361 214805449
746693796 250198357
741691668 437858819
400438219 1173005311
1565186340 217236668
247875966 938042258
1258300616 1055201150
1154996548 1946186008
1581602465 1710269529
921636570 1209207011
1140239714 161464319
1757140654 1381301925
797576944 899085449
320317906 741769581
1456735586 773916984
1964512301 2070536682
1052844531 1330879059
1262862575 581742457
612328114 1255116481
1644238156 367905370
2068214693 1259083883
698020719 1758019544
1358293063 1342845728
1216353239 603429111
843721007 207250079
1054646527 2032726489
1485944930 125554229
1484557450 1230979285
2089150357 797638127
1058426296 1550335003
1568050156 1910345012
1527954016 700951894
1304749166 1880747974
1382354420 63744036
2000988460 2101945113
1398507736 1490697068
1073957562 809254319
1719053618 899423103
554508759 1730319158
1487653229 2076802053
1494802363 1687131510
1109738300 1518565831
564446776 1540170304
1868493868 1440806515
2062693738 217851019
1122411059 925669350
1048918247 1797969161
1885105928 193296981
1029837282 1798876204
91584566 1962761588
921961559 621598403
1049379705 1372078457
763954413 664895116
989275856 810692074
1301119284 1549282168
1579175277 1411492518
1133145734 1375422485
832320090 1948207145
584827469 1429222942
2022722206 520206150
729512683 1098208885
1809892100 1289926532
24615054 1255330920
1692976350 586657389
868274857 643266063
1905656101 1018541633
408557377 1479746877
351641046 1223841958
1893854902 958954753
1611341335 217841229
1667681944 1818458490
1646265963 295317640
1452026492 68104668
1312070324 669809043
1033451585 1031762282
1621878687 2121901315
1984614258 23227077
580965435 882642998
1615433594 476046353
1146697404 1734353629
393441178 1608124547
1414598698 1448343447
1547011051 363716661
1210669599 2120092620
1608906262 872665037
654124906 1983111651
331801657 218358222
484878294 192219712
1935466133 240130517
1032622276 305185443
851215143 1647262014
1655382793 445927841
1171981904 1684399060
1513677440 193825151
1241986976 589995123
998437075 470176690
1306559205 788458536
1464529587 829897000
593817097 1699802349
1170573559 1808286804
1257102649 1329482296
1392739725 1784421671
1189957321 170354735
1075669671 1869508059
483653681 2140226873
926021808 455710206
1294304196 1593031453
1183848774 497932461
513133808 1834884234
743281255 1366818779
368190539 1333250908
1294883025 87499231
1817116657 387578677
411568965 47422660
996558017 1130200228
189140328 577932550
1016996879 1799450327
1712361589 489105411
375657714 825442979
12240145 175466102
1800555124 1374187769
1045224667 596888895
1636654542 701625049
690933434 1680321443
440942579 1179869338
1756962490 803056245
1078431010 712508564
258200854 1532602450
1444123192 1993617527
651571075 1317456079
647943016 2081505271
2064531405 36620261
1404643566 2112458067
928983829 1436521742
1518675409 446613410
1199644970 651707093
180086952 61068869
2065347442 176051439
1980480551 1115515766
1614295603 445813056
809400138 222851027
923805126 1721361370
661577758 314199436
1582912219 1426498571
1008653099 1125794143
698660165 1488070072
967022911 779818314
665726913 1472648961
1420296238 1904282414
1911998506 497359805
83095165 1288845115
856691357 1496471289
1738184601 4962830
1197871864 2139970430
1767906335 698628882
157974101 1183537118
345344347 2108091485
539215279 623957427
1041775244 2103665662
634653544 2043670320
1273747208 69436160
1532407455 232808045
477718577 546746927
908526863 563984465
1646887624 1572624264
1092779534 1419003289
1869780602 2113593149
976980822 505974963
2051560947 930678668
1625707990 697533239
1473683373 1737144779
797604363 361216707
991135002 281097218
1834780599 82610042
76695820 725294997
1972504633 673550115
361664704 1908054556
1289409778 964404176
1417955987 1634781130
1135738779 1244107906
2119635956 9439721
2023139712 1401831032
339370817 625351260
1092390705 331505468
1220639648 1443526090
1949478121 505845554
1096804019 1813541797
730404850 227605118
731177770 1587750007
1133091470 614256686
1499401868 1533111957
151971382 1367725467
1247907022 1387361829
420782842 89797425
832417761 1758798391
1733138006 412500183
116301255 997895170
