2431
2216179 230567171
1240302961 1902378810
426683915 1463999176
1949386181 187204460
1055211212 139521227
1653577380 424415940
1067445754 786477279
874791202 895903605
1522924929 1692490835
1225832228 1063925703
527412089 1809842274
1037165506 492126306
1129456377 946053578
1179539712 712770408
390861266 147011143
822379593 1089847694
377979295 807149706
1597654277 1071529342
203128009 838823137
448114753 303910505
976103578 407432284
1583276597 1203577094
1608647168 470099140
1460165955 2123009989
869915938 1114691612
1377386097 569739157
1942441456 614959327
2118622375 1566842894
1555905348 2098161708
666440162 273977286
345517221 1284342464
1880164382 1779200448
892952121 1804333070
1015217778 156822366
269411397 1217482405
782180716 1104935979
141957677 452245794
494341221 1994126990
404606237 1317650876
37362478 2112584552
1233646354 998260564
2043403480 1438385813
1422872756 658968506
1764488282 1870047495
584127968 1919506236
1395997374 700973746
1100263197 1162776499
1829665770 1907835858
1012443998 633499632
471440029 103372580
410556303 405850836
866498005 838567361
664724817 589502878
628930855 1277142690
484624117 1420690022
1129723477 438126569
1572022448 2042923176
1949098101 758401929
76905727 907695425
203709464 1941114117
2006692163 1548284868
1260088173 1671282357
1280552429 1137622935
2070273494 369949679
2011823286 2045864569
1829168812 725571255
1712743694 713710260
640279410 778075155
2130457881 314120166
1139584509 449545964
1487393212 74614058
1811144342 702588614
1075885138 374789293
875044140 967889549
2005530185 1882977917
515476094 1270552839
212636661 949055875
1269127867 1789332693
1774511643 1756181565
117696082 1966793219
1360006797 587940511
334260949 1229863891
2113662468 1060596023
190619987 977359738
249708862 259599137
1437964420 2082310253
2034296696 2001748511
1534348205 1590254031
192454243 2001450538
1153522425 1526862537
665867580 1801530837
2066264759 1738062436
1014766456 95466031
1715645560 570836751
754367932 281096762
337976062 1850615699
142988916 1701593546
127553580 1494051644
643761417 98660643
1769901643 850821716
1484101758 144993304
396018688 1012896631
1186549306 1586789356
1837903772 624026228
2082815363 419751261
1411289916 454227754
418458042 1988144820
1011710638 163911399
292266524 44371840
2136239748 827573703
319785903 1142488901
1809154204 74530962
1409764063 1279463581
60085618 897980149
521155463 1879111220
791254693 371454619
1591443960 8344755
780877295 2080466592
397005666 553839541
2020247581 536470560
1738615201 452386366
1653046537 148191768
2131977178 93723698
2105028662 1610069985
73268198 1794338869
1901774045 673583169
251045473 496483237
1910991868 796569401
169370052 768727739
847565537 1109629815
956753470 736745798
878221513 2122925694
1823110540 58952327
1993927060 2023782583
484609496 1428137980
555765521 1196210575
478357023 911993291
523626611 848503851
1403331553 26450615
1287896378 120277054
916965993 397879318
1751139503 2034421783
895793542 1945351827
1826943464 359318234
962184757 1751227786
978242811 385613799
1042858171 1167492984
60852465 1166438383
1916414775 1304966229
1761280647 1721982400
67086157 776095371
145525227 1919794463
358056681 1947079239
1955752160 746335712
1742434630 1381170338
1413405422 704996769
81209253 901063424
942571102 880674736
1607656154 1066843551
876574230 422955448
442156291 679551486
2068584025 1250302282
1211340764 878937171
2110690262 295836482
1530052979 367680147
38243901 416165602
373337205 1431550292
1875916831 893895726
1779856538 92373636
490262094 1023542355
472930475 1930955250
301728762 1636762739
1234315237 1729878756
2140616344 1796017076
847255005 1268901659
1153489174 2079864285
1016590424 1206460762
467763317 1286787260
863081289 1202507504
769572955 891251901
595229332 1266602738
533675168 1744139618
2126111820 1759012446
1804443792 2067615079
1304880021 328781868
1390407081 1432056047
1699148000 1022714597
719037865 1491789566
25932444 777623766
1524485730 248692610
1736722066 857102202
654427451 2121413871
555088471 1931416828
560929664 69143720
1201599991 1862181409
1191088189 1332777265
1029804326 1305949927
424097683 1639258263
1219964494 44563109
536247807 695656992
664613412 617394430
1073756183 1765975082
593282780 1294302629
2007240724 1836558206
994980423 1714585865
923556388 1642763432
380164926 2112127421
1600690830 23608070
650659513 1118843162
1599374630 2060696828
2133396897 1162547088
1242505152 185835920
78357322 916677929
699163016 969985764
1827137461 611612677
850168441 1403857579
2024110488 1793104669
1423221057 96756535
256913599 136920810
1606067544 495637822
1465621318 1375726045
130017211 813157719
1736303906 1684234962
1257535930 340131973
1051898734 1402866323
1820673635 1690929758
44943690 290846187
869942368 442980736
64369944 1253641791
1393263367 1319342502
1772836796 1325530653
1110960578 791426478
1086897764 1461571666
2014401705 867539134
503515085 893234594
1754384313 280143016
383928764 2009234914
817329024 327057882
820224064 1383151618
1473768954 841052907
1333139511 693528492
401129553 656779363
2086893240 407425546
1492003451 1053106419
985385464 2047527939
1788471106 1170445362
1754604248 1253101107
722924231 1888318073
2008849214 1120818258
1131133426 1059375248
950094191 142229908
345966298 1563144797
1359361646 2087758043
1680936032 1615587596
2130688529 910110798
1957082631 502995116
28769604 1112521691
2072061937 1139100360
1422927605 706734865
936571392 770566336
1601377537 244859942
1510598560 1522548168
1493255416 1253771810
1059772425 560324185
1881989947 1215385091
332351536 1776084576
101916463 749292812
1080888293 1727551818
1618870943 564842443
115386081 749953997
1314250569 2039060702
1553607686 1608083464
1619921110 1193528970
1444221181 711802275
939014601 979523992
235784736 311908915
1007272027 1088476602
1657202251 1855956615
760156868 390573621
1340387086 1004922100
489601775 417485766
752527415 1540296567
1067568564 2024538490
538756283 1304894402
1963154161 1254020083
1510743859 1965411195
8065171 918422624
321899640 1427935453
1257350105 448924896
987170741 1781735579
1877708860 576088530
1613040632 765909414
1434078105 1596084661
1334065087 998315878
236634584 1295271447
123098828 2066248602
869050502 644686521
117482982 1358473064
680987333 1996197660
1399410209 1469423503
1842753855 363094239
1008200258 1986560868
614153805 1313926514
1831164965 388512130
617108871 1360201348
1850128813 561366304
794355219 1420023986
1754846274 1181211674
1912373526 191708792
4881239 1149898024
1552742405 87481523
134921496 1336852380
70982378 1854357759
392720505 287004619
1046362691 1083760548
973217008 515751177
1012026751 458982759
1066399164 829541693
600353609 1933857796
1888890123 742436506
135484925 807834981
1866935707 1052389278
1418646092 1427467281
92511232 550178759
1586496087 1264068180
485417692 788741715
1117249935 1455007515
659096340 1212563364
671410138 2041121540
2020125141 710701807
342823466 1736207324
1171187265 47849777
123123100 1373050807
678967078 1420812442
919377547 413193669
566035020 121177578
1751177187 1590046848
858098214 1216527285
2064772766 837510613
1079398445 427546550
2103470953 987459858
2040523026 642458663
1438207591 764537455
1361445023 5658631
1144996107 1467984838
1362674900 882981267
218703244 1196928078
2087765659 1957692094
1644063832 1348232279
259025385 1790985572
1089514501 1549975938
2107511581 1263514671
745900293 1107618213
51112881 1534452590
1605346806 116412950
1860397162 1348049496
811765049 715081849
1492318023 1090750097
1989760622 1282645187
1099409088 1163082273
546611270 1819377689
859058840 272466839
1032312464 238658792
756295716 772500028
1642727207 1577166893
2046196826 861729099
1090042964 521971087
1872538803 441914869
870107631 1244042813
823904556 1810508146
682961397 1027715138
816610474 1923244822
491405049 1220872145
916355551 312445732
496829617 415449350
956154133 634615461
901130885 1412326637
1523244754 524962745
1255550833 694684581
325511115 1060867356
991533839 951375237
651373522 1879353409
2135178115 1783683371
2059399986 1678207854
265231505 234332945
53176289 344761918
296882031 1165883208
791009764 1054627567
297289339 703968875
634119142 691521293
709134757 1864859108
806590017 2105918198
394463763 1808101525
1509587735 1706663492
1749688956 2105444912
877017464 345816013
1091993733 1777607703
494686130 849616877
1976501956 440631532
455754136 1041745733
1755204055 309269263
954326595 1486338139
1206784490 1959359673
191075774 1162574856
2017449869 524225831
229450137 743035915
283931754 1123807153
1199433563 1376022910
1089814438 1148819213
703338795 1224567500
1626255628 1806015115
880266041 794649296
1189899849 1159851021
1056461687 1631938082
612954415 1925615133
268871855 1031499893
446086732 2067015953
2058167736 1020221331
1920564758 2010875635
1197711675 813782084
1487088220 1007191804
784398841 633923682
1749644033 763802955
1330171484 1967398144
1235446402 1330559292
2031195214 1423358176
822376843 544374454
1031907186 1164680913
1362193226 1377651722
646864839 646646356
440113028 1497446697
1240468730 434190113
117808563 526466209
1187887981 2000194344
1853866836 2047193665
1021860458 173263579
1197910220 1177156729
1525800788 866447828
1572215188 1418868739
988347275 1662715635
1852245909 565059
1121864074 2007154625
859843692 63034195
947148298 1429791672
1729894268 1837701678
407810686 1803323920
1878391523 1626633983
630547360 357710952
1741884841 480065987
426987552 843154184
910404652 686166278
1469521171 2051601647
1922708188 15551057
712683223 1957540758
2099916972 852274816
869519852 807315667
410429329 1964334520
1442225925 356213017
1125017646 1537097039
976927895 1925265094
157797309 1323999260
188655036 1005158512
1253401229 691923321
1713278558 848145723
635451202 23415734
346425071 2093995015
921484752 674668257
1271812712 1665475872
595065344 1518633690
926736154 2021091142
2138245746 1326373545
939647663 550828157
805542931 1620878838
1701960264 473990831
1927576661 1325707908
1891843471 738425763
1871057071 1804182019
213116406 459872402
750978212 1079691971
244668018 897511478
1142456231 102773437
1417134886 2104121102
118308505 1407901394
1734770607 252236327
372798334 2050894490
133406127 1319526623
1996775150 1382777478
1300187036 553049982
153787318 2108522843
428459412 1985995554
325423981 1880612195
873830005 1540904058
626846872 1404776609
1244288765 1438335758
1979577829 1340887997
1163265675 971753071
1659205553 190104805
1673069836 1534339930
2106090371 1502436451
1565643762 1053544552
1933238739 75562953
1416584110 113718706
964243267 799613995
1340955781 1396794735
466017595 1262745490
1272161325 955291030
1172554754 1343495063
304676101 450172175
2106689597 788579912
2124425237 974204524
1745412200 1262427494
1481319351 1563942741
829751948 840767946
1831654836 237919145
373302444 1015973835
281916589 16998023
2120348934 542690520
734349638 110683740
1234972654 830956699
949573550 1393757512
2021075360 362815451
853407142 1744318578
847546533 1511364525
1074658150 916998350
102673092 1646604009
1346606844 1971487385
1494417759 706149695
1148699982 148594558
1409364818 1655693662
1291272646 1576380024
1605515476 1140223253
1754909051 354452739
994312722 1629341175
1159610441 292457401
1267677700 1207024045
2106278209 30598582
249849155 86515018
953059379 1785635605
940580579 1283587512
1321175893 824003564
1186368656 826325781
1526587899 1706352478
1974726097 1837161649
1326713829 1542052484
1477009834 1939432878
230810452 1626466611
1517008856 447399495
375916230 1859406024
1317949754 763359643
1670421947 806225627
845759343 1325453047
1068550582 1524550769
1528369146 2026800663
274487795 2069268104
154357065 598166265
1437528146 1085568882
170885407 1447968262
874965234 1098587607
135372380 1055656819
1245656886 46612437
1093399908 1660794792
617740960 422358637
1090184241 372959366
41498483 321335493
1320878957 335551491
892373599 1563505669
1549950510 1298933165
2080866120 1233020051
1903770679 1622586841
1396754754 1879002422
683348062 585185414
2027802835 628973658
1308293094 196761251
594345324 1509020902
810041839 1821150452
185260820 2095594125
185624859 838698722
1745589744 381968153
482777973 585305152
790201743 309436037
2147028642 866112960
1967272516 1871650967
946159251 1254977421
1332339293 1561870320
581598501 479234773
217814019 411489699
336703138 1683407081
1142558315 1570810277
744903733 1897300872
482107810 2069799083
1338726284 1489494203
1650635606 1631290441
781255631 1897342047
1084049499 498177722
1509092816 1043886154
1802535427 1258453441
551932212 1985084729
1496935256 789758991
1436403836 1624712386
409131254 2024192869
310070210 266669630
210052593 1282400290
688173966 1914781905
1219419391 1573316972
807738382 1993966089
917632662 433564924
523734785 623756751
370448067 580496127
1242810756 1797075031
80736148 1263803038
976903300 883939345
282602298 1761718010
2004335686 1366643508
1878149871 1470413814
1666982809 224384204
1579876638 992611895
513368832 760055680
793425390 1642260362
1906004367 1718530735
1050581230 1783243003
2036596232 618035261
1759811861 2054750934
2077028523 1950251296
1660684548 643353046
2126652132 454849272
724961467 347927571
342048618 15721654
1236169428 1088160011
926520601 392338007
441330262 11373277
761517731 233026145
1605591639 1603603553
1403425508 676231809
261075530 1525603564
2122623749 1794147679
507042885 115296228
1986276905 366242301
1292938702 1856837848
1871236145 268431081
2098523025 803321077
1712241620 944398387
825627689 862662043
1001967978 916506938
72663635 709209539
599117170 467124658
606116448 1966463564
108947870 803068507
157351432 863116272
1895533217 1280315628
403700763 14632520
1449493059 715689424
983585510 723872278
727620039 1768913137
1844534364 2077107892
1284959811 371427096
1308151197 887363683
884545822 567658108
380340289 854635299
951018494 1294653858
953220808 1788962167
2075226865 63543878
1142408690 2102017984
1491668759 68867480
1272757997 71163221
489167289 636317297
1987998084 1920811079
1041027210 1675989926
1502858684 55040243
523137640 875392915
1582496083 1847966636
1787927897 2101198004
1577736964 512166354
842949891 1395861652
941216569 1320473915
698038704 1771402525
188976003 106501533
1133917555 266704773
1762378645 1846019226
972346462 1172690400
1780172673 70583998
1862297625 982806546
1044072195 1456530157
995542025 1124137188
411964647 2090921832
2080542616 477042482
1655316305 1527781376
700964206 1498501187
1616013885 1286835582
493286114 1212039757
413985774 734654280
807503763 1903676202
421907389 2037778011
1865090159 130882272
987780606 175665432
1676728521 162672078
1350573934 672330344
1355195703 2033145442
1146990533 1924696398
843424987 154074256
588249320 923461887
1293232080 1504172286
1731917576 2059979113
1451326144 951020847
1154623811 1633062399
1751120338 1464481872
1426256301 931901631
1036721607 1001192382
1661248333 1619381029
880460630 584305221
350526370 1411390029
1597377520 1772258231
1656733693 1610506235
79736369 1565645521
1441551597 1282112587
1503142145 1030953048
1369973458 743197687
2083086414 839199241
1285303891 119933583
1543003024 1156467244
13494663 1782040351
1754334784 100266723
2138725123 276531542
1608529652 507318890
1210742350 60393037
2072548589 1640657325
2136747330 1592242961
1760293609 1762606985
1776549763 1319233754
877210348 1831022576
1625299942 1421705280
31752041 1082784057
1024205688 2009949787
1263416311 1500463696
1143021115 1900569980
1820235996 108512417
1750338267 1891836850
672965262 1014637488
243282829 1536211006
1484058310 1672240259
1835804626 2112683931
1748057518 1142943643
1302145909 281272318
1272837259 720221113
1737907146 1110288253
1949016623 1224633523
5028784 985187774
1207974369 391811880
609632662 562322966
19280177 999071424
91660300 1157896469
1510530591 1005680393
230753 1205997159
2025567920 2037806732
1293543619 1156677206
1615716208 1554160196
739022736 1703087588
1700338980 425831589
99531582 1782681186
1702407333 1505329446
261333896 868192708
182125763 1921180349
332046638 451132736
1228635677 440389553
960202502 667243532
1471385284 1093783098
377360736 1971962254
1343524878 696240734
433427067 549598630
962797259 1206086969
1705387460 667612003
1527014952 1302039287
1231691407 1589957534
1648770635 1726291452
403927442 165432885
1992738371 1111602684
65830597 1919944271
114438032 1066262435
570270323 675827170
1303909810 1916557221
2026736874 1013193259
2003310520 140970398
775030573 328451041
1973500506 379945594
1533932725 2572895
1910700243 913729070
646987308 1975320132
345116321 1662145562
1005161173 1894862456
482737902 1881395949
657141227 281292560
654630119 628828062
745952846 1610616022
1429071037 475486514
1037304082 974253846
451097877 1743386553
723224282 1112865928
1643671089 1290606284
1797271507 303955013
867484776 1681999235
2016763575 514130402
2037328168 1868910177
141666266 1930424363
1294640526 559498118
626137625 954907118
1551748610 1729334637
1264051157 1685626916
1126425802 674858892
495983137 1172752761
172997579 1319830710
2111388524 1431840091
1037676952 45490226
2009468179 297409901
707929423 1709897388
633594924 1131229089
1923214610 921345610
1967225136 249529016
1321244214 1304919558
1155335105 967394002
1712091680 1880059027
1854796650 1085228257
1837531400 545514906
793826169 2103300910
1263639065 175158086
2115921626 1245422363
1880721590 1526159679
1287138554 1466622448
457055846 1371340679
827925925 1628103798
802435594 1143856692
382527384 485212165
369659239 615512504
953026502 900637812
440310543 1823555673
1959671222 829749677
1873680001 1810210880
344104933 1250597419
1915863144 1598748739
1305456945 120726125
1163818800 1918877491
945981988 1824169143
789625362 2058091752
1908932001 1370899854
1875398791 1918154758
218107041 1791164578
1344877329 1126496878
1495127819 354493469
1430725220 670506799
1925885187 818059917
73412879 719554149
897256257 1236870694
661755730 337920088
963969625 1204665400
1301875409 1607114863
1384332304 218691994
278442463 449264779
2098193956 887120309
158936614 1109466396
675241980 1964197406
714459609 52048001
1877359430 2143714669
367202218 1703051135
2131609371 331981228
1138040247 1275175922
398511428 958849586
473190515 2091467975
973074786 998837968
549718573 874737047
1915506177 2073736087
1918226324 1142406113
1106428787 1060159964
494124962 369900086
1002648552 1524335938
557252368 587280859
1936301738 387626858
671255310 756088810
1331244592 795372258
1819766156 1026261673
37261583 1892928253
1925021050 441899403
857018532 1606495010
2076248061 607911031
2015639916 2051897756
1666280222 329715924
164068390 1930530967
1250041864 1473051295
192813967 371806400
1897128159 451510455
801055959 902853793
587646428 1726917637
368638109 1758475991
1368509613 1193800705
1417570950 113350837
888962497 1155538776
1156140782 1674133337
170994418 1125431087
1097335790 849982333
698928015 130608777
1177644229 873961746
900995365 63979296
452509912 82591701
937523168 1498593655
140869885 714103339
1117074218 1913686290
2073158427 447585416
1935398057 215944856
710003819 1656388125
86908686 1395897080
137445928 566551638
1413849216 1489332000
736790154 166211202
266903629 1290354215
261707914 1794807457
1766160841 1525709562
1201221570 1614027908
432503217 1226143989
1629126291 1935061465
1422990480 220555145
713354060 245982551
1168493179 517713583
168227091 395133298
452192194 577041150
1365906068 926843127
1674080599 774961174
1062983387 1631492616
1807704079 1102748874
122127246 1307778852
1154241887 1278597430
1186022248 863211260
1009293481 811149937
1843737447 1463018310
763708193 762528850
122763505 328258984
677352359 1449391815
1026444939 1256637633
1539985778 1072897090
109635518 409111284
854576573 1088583757
1167632090 1221798367
1159561086 1214245728
1407114364 296511735
1749697182 1847802452
273309841 24934477
438006626 866006779
1488157426 1762634466
1236289831 1185932039
455915074 1281348323
823455295 818323948
2142111322 128443994
1772793901 1722799998
441338841 1402540324
1801760914 1736831921
987141164 40845845
1912637083 1163763090
1450172550 778217918
204023619 344593470
1775999527 664496718
1813246759 2039431678
851590942 1546866147
872959923 1124343643
1847546872 1735029858
857764306 53397516
453710895 1028477010
1618267841 1476582728
268763310 525634482
946059012 1311243998
365351152 1655351152
22297728 1299788025
2075063271 884982437
1039686115 678430482
1786706365 1022322344
1972315182 411330338
351513195 1861860175
1378763081 191584839
660418244 1517744154
1166159247 1823589351
1067482525 59903008
208642162 176440524
785573165 151575601
484725442 112474093
1173042421 1573604789
1511594564 1258846332
548087482 353151418
667347778 1085130775
165122152 480944017
1187996612 176926356
462800328 1515304336
922792593 599715372
617740917 596191843
610498603 1537357052
346112807 423017961
1185138386 993266494
1932778568 1218688807
1136075427 1202963033
1366895397 1561088499
267839816 419491711
1729073677 1796004666
363154327 792199899
1170796246 3867449
43192442 524254695
1755363710 772897335
837490990 395181732
1508259432 161741562
1684445569 728992977
873498688 1633711928
1434946645 1389936952
2077251849 1373878913
486415285 1428576119
532939663 1515216834
854971763 1867089997
527699648 49695262
2146897849 521805550
920802904 1610851207
803349916 147666672
547983406 687664950
1194401958 1616772116
650845890 266374339
1043874548 1398462683
975122463 783462070
223812568 650468996
1213095873 891856337
1816502418 1118742636
650250844 2113496517
1119291788 787564422
100716326 304515407
1771383808 737888401
1988668206 1454907258
2063664735 634256023
238976104 1702642403
1451256895 1901378217
1341624960 1497858824
204274527 1562484725
1920092161 772433788
191295465 804849445
710684032 1921368726
1662996527 2145529942
1711888147 1283712158
69820874 422352485
461328718 1852004282
1328752771 1295905697
1492490958 2101294871
1826614552 546231845
1766025466 1236277068
1274850279 1655498601
1166583473 113656366
1872946206 2120351349
603154669 1206369027
832978070 142443641
207580330 587030819
1347935740 2087294982
1099247999 2144922655
1969709027 1240962464
1854867884 1607173524
610515427 961137746
1244355160 1204100868
2042785887 765404328
480352578 1353401893
1079650261 1235257059
160851923 1407528075
1516109784 1693642002
1433864756 1636477301
1318879455 1152648645
1768106888 1499040374
1245123794 691029768
1256729151 189807168
1317722714 1244898785
880445627 2065191238
825830665 1720522665
1914212997 1729268286
1703565727 1228046026
965018954 1500111447
1149707319 2108819079
748014118 1002355224
2024398652 144883783
1440315227 291110419
592694296 388432666
1450563629 86369674
938551956 905427607
824754147 1978756762
1901668459 1800734575
1480366529 1461941121
840800391 1449003324
875026894 641144862
1274077044 529858633
1407485257 85607129
961649016 1303936722
1712100701 694240495
1938720055 1001903522
1750863604 806845694
1837100250 1076899636
992419577 103571424
1758197094 1747040533
710649539 1553105046
1752734233 1475431416
1416229023 104727691
1646261710 1106649791
868762653 225761032
1336574080 1364227593
257557660 225794454
559863986 1984249749
836937349 1269203044
1627402623 1360506340
1469648955 1427049990
1238551643 778700596
1328209640 1207767589
1353751139 1753885372
668087457 553062208
7664347 1559017920
534862003 1722953143
2101529709 1788221326
888534007 457646655
1725973175 331557178
973698461 912438470
1394013144 265651177
1794330783 1726674731
1243778820 25816190
1967448787 358537661
958154811 435666161
552127507 171119435
1000205103 1418357949
2693618 1685502965
40596047 1641857505
275743398 262867466
1520692326 397191466
1125188609 1233299342
597527828 157326874
1498669391 487584377
1612451952 281775924
302149715 1109152207
1948289493 1043800436
987327032 2070729626
1292226405 832757883
1158219020 707429295
2056345733 508868204
209235109 1630463573
1535415177 2138100320
541424292 1832228038
1816250234 144831587
296680584 1473644756
1724317768 176610779
1369397156 1972101592
1650104180 719848195
61183429 243372995
650811150 1373608186
1529347465 1123879603
658031246 489616000
1572384503 2082598561
1272964736 691924526
1196338034 1001667598
1800302185 1689768782
699240269 1175373084
1022428750 1050122318
308619036 1294998194
2120971199 792565373
16777921 1611373610
1758146455 406091002
1843593271 395644421
389402422 411342548
1112180666 178502239
1943259056 83427771
1383128621 839887053
50245899 522459491
1433946353 350086056
1783115955 387920651
839711713 8636364
840710911 1827281692
1025205782 1654345068
1559570727 350799659
980214003 1468837487
477711768 514547635
1169962384 887516356
547189177 1320436081
786271137 2137912012
1828392860 243985612
955124068 331928900
1012323774 1825365354
1625922113 905407138
879107168 1794108220
234526985 1477856130
1780453643 371786748
528193274 1289389067
455769936 675564
1182106052 544830304
1473995593 592256883
795366448 825787682
1483003069 517514386
1012160206 1356275386
1387163361 860689940
260656074 1801066179
415961576 744946523
7109209 571684363
403916582 1550333349
569388873 83640112
1566283727 1478692666
2072342589 1309180188
397954881 341112073
1849838164 21006906
345263660 1857003372
1584630500 1595816657
1202569513 113157089
1288897838 742952249
1286378943 1174616954
750434998 179722172
1310744976 1104276168
56604740 1349205492
379513524 849397679
2075846688 326679534
1292635031 444129693
1794842040 2075636808
460657120 1736739037
300783608 2103789877
488889533 468679678
692257193 2138040101
64660752 1250078185
515287513 1578873811
497737539 450895574
2126929299 855754301
938263720 1832324192
84330420 198142023
2064031504 1272536232
432787194 1087945331
1726586453 1133780020
1606196668 875200950
20716229 983832827
982472028 1654659040
905861766 155462981
761342302 815258901
837681292 354921998
110196484 252405003
1326767102 259414098
360340970 554482214
509615057 618341051
1888507957 1898351530
774082201 650365850
286065975 1255741404
1222526708 1331300650
503051233 2048987124
2029472818 1919207968
1806836286 184946359
1492392355 2114732484
801669330 493833326
342958136 823788396
2104243096 125687875
1514990182 818190460
15475180 877553850
240544860 2005520450
1989968723 925169583
1574997902 486933867
1895189517 1525043907
1167106663 1917083551
1332164984 101848115
52926870 652035144
71749539 1837328992
2003398953 1652094452
1873618509 1786088132
1849198241 786921794
1201090541 539152443
539485202 1196167031
1519595815 304449849
109948069 663860290
1657398680 1940087198
1401523926 1522367748
1263011918 1428859371
793791856 1620268696
1797740071 26041196
383742010 680620495
1277695567 326534007
533165459 540649892
974564685 1042179949
368034025 277016323
1043652794 2061792549
322432236 768104424
412639528 101873594
366699759 1951664374
647941164 1038624028
1631886665 1423176882
1305476632 1439583452
1354641463 61089942
1364054309 358591080
1891330408 122442033
1059185291 1456591868
973840427 951626300
288748798 449067380
144211019 294062251
286185213 952218420
1226643026 350491131
101079563 145645194
934321834 167407674
573172245 140204765
221905291 329153579
1869902267 1257594482
2022252019 1826156834
1564716166 957926245
1588378954 1203369909
183978813 1973369402
1911572001 1813497798
269472812 274460693
456081377 1305613931
1141383421 1774391254
793992542 1857891268
31355283 843052996
2063071953 1173501544
1352410889 1412245000
249394744 18090160
2132754119 1369208170
514363809 1218238033
68629542 1294327509
742673122 728869262
1976246832 346901262
2129413558 2037034207
803090213 1354109041
1792321981 701434866
1255984091 1306948218
338306864 1414347549
1883386315 268886358
1756743980 758053482
1727289179 30318524
1487291584 392767292
32051791 2001484039
960568940 614371485
1748637764 1304590933
284964358 1076092129
53247053 1739203502
1767510259 1357538878
680602317 1276035747
1864070623 1886434905
1058337192 347745166
191699346 1621250236
856297005 1964321251
701633462 336548117
1181283259 1277208567
428837455 1825797725
319254974 1975577565
1062423747 1796318802
896611543 684086846
996630989 662130714
1850374639 358636051
1522311113 382734296
572525033 2146123239
926165664 517026415
1134499236 156926209
1006364609 1811318584
1655399381 1558701562
630062312 185468930
797149296 1725882583
488307579 863775965
1034706883 284442168
773670429 1779307456
1260851693 699128740
405813797 1030191863
883752328 972247974
1886650580 2001326818
798594555 1959918575
71192144 736720639
63095519 280163489
2062975993 1083994615
1023434171 1304530730
2101299919 2023996258
609944078 1514786171
1173227194 2082650843
1559852183 1126711421
845616779 1984123276
260186696 111690573
567829540 627567683
801556626 230713566
489547320 801639278
39954375 550201202
1830194988 1229295169
134418645 1344711267
430195832 1459640879
1828704647 326159086
291800488 654512618
436441355 6759770
2089149136 1266648729
585527835 456179117
1209099888 1403051265
386014243 1609377398
586031001 1770696334
1804349675 1734713937
195271847 2037075274
66665597 938055227
164615859 1752367481
375038207 881161217
1832572907 602948087
1457529746 1167110765
1570288816 87843989
2114163203 573663362
2118043372 1469568067
1202452135 1016181534
63823298 693235327
125284401 1178713460
105201569 1193941809
889666074 1779822001
501959579 1842382951
168226653 1960590463
805023264 26419471
97353809 1073467627
624414478 392591835
1689214261 2012600027
1821198550 850826268
1906842975 1893184996
1330390041 840413950
1307561603 27125102
1839244950 217659013
220689390 2027682412
1767047343 2028818330
1778936583 1117724532
1017309388 311010457
599948269 1456876098
285309029 765332602
1790599975 4339304
143899065 1073722058
780298035 1896031534
1548318945 635453153
729881234 1637038750
1873470616 1385981959
904512496 319500492
1477084326 2113883414
1593363099 790132943
564480779 1051161448
1423716533 1507048884
681454484 92908895
597692125 192046472
198340890 869592885
1338810732 1563580472
553980491 249827281
371848825 457402409
2122630861 1516391898
889411703 41797100
1283826499 755863015
1104942068 96922621
1234451464 1244557369
1761678059 577941940
376817204 1410501045
1485217165 1540098701
609978684 1112678265
2086763132 456360187
1917072441 1025199411
1022558096 299657012
1040444701 1256617790
25344942 537525617
1310404798 194738400
511592954 85356702
1106767207 290535396
283255377 1427138380
704420133 1194518491
1109893753 1559114159
1320873569 26639161
799857237 1736000768
1060462253 519757343
1287019416 1782851593
869282474 858710210
796354197 1940184560
361994258 1565400178
934183332 353450785
106367626 108263817
1447365380 29605491
803039722 486724685
1701090709 1135405979
938649532 1073055233
2143374205 1459743817
1417088693 626355403
1783680527 322053993
1824600192 1383332739
1667742726 1276220236
1823099174 2073401421
106335815 283302872
1538673248 648724850
97563476 800647935
19957020 143614327
1618793045 1025860495
1755867895 2076289264
1859320807 1266214463
133291347 59937975
1407129671 364137252
1689045676 1019497693
853697524 1032578886
968172983 170869346
1805307138 1696308179
63101734 702171755
1730676753 1674588855
2029452282 652805170
1949989821 810150007
234135794 1887935870
792881216 2038707561
1365162428 592394146
663547554 164740553
1299989918 414441145
910672608 1648222507
457635186 880901495
952243949 115135388
110601537 1588898788
1313592470 684551592
1281558759 1643677043
599847561 8941949
599752757 966141441
1491728436 1941547840
527095274 329153538
1048558851 965535232
1226856318 1396124493
1840035134 1527500380
2088287129 543381083
757696861 1261679779
2071842839 314623482
1358632830 904211123
1407344727 343062636
1784211986 1822178051
1140705064 891564896
1186573784 284016235
1629658706 625886847
1490390101 912786134
1987905258 1486612986
422038089 1635888663
606110267 570090359
1780589401 750895843
2041301413 1946492762
1873842367 40954630
668198274 171221788
1068150840 1599026661
1170927125 1208189438
1313443391 1700408915
519225156 1705449150
258906812 1851878182
1524821558 727393701
1867314547 62667701
751423675 205590840
285814556 2120485155
603606815 1967129491
488847789 1924726776
576639954 1678708248
653651073 1162160025
1079074442 1164045020
1392874736 663263147
152095810 488705651
2009964502 1406659276
872654890 2054311856
604508542 1165073243
1284738379 1858796708
464883262 2028922583
814455521 1533154103
732754705 1121662830
1756688370 1297383178
2135290414 1650165362
1699306378 513482874
1554241461 623351422
1678481239 647598206
2079213070 1439186269
637649109 1415550314
688102373 726465982
1905752711 775633930
1883129555 1351037815
1054140796 536420858
1176893796 130853829
1752349933 1580890154
323600638 424759846
1809042366 1050300907
1057881086 994251479
1271703607 989418657
1028266492 1549087378
1063813876 758880435
1737343770 709912697
1178590283 634616987
2100961202 587028446
56425899 20066723
1270061769 576044275
1002374073 1615951278
1155397590 1392797027
1903559818 888813874
1489060563 808246798
340233400 1280639736
281612364 950508947
1933336578 894095122
340868562 397095199
278859925 147565164
732803494 105835275
91367553 1980076925
1265909347 819753284
818754863 1679919359
262425740 947454458
2138966703 625306835
628833294 1950668633
1256189406 1340434772
370330274 1243925725
1448115946 292959610
112223575 1465229830
1590301411 2117758745
1362957100 246568003
894869758 152222876
523307041 1478900986
715870274 1486790693
1342083984 806331918
1195014886 887318328
1829479770 661284638
138636956 123937565
1950872439 1075637614
127939328 70826393
1094105239 315994221
693170804 1702769182
1009462300 50917756
180986881 870130730
1917143056 1801025709
1671102448 688553660
819069473 1574931771
267743901 418617665
439162152 1644118323
381639418 1713314649
1759404265 65103987
926071466 2141697101
1428046195 83928186
1137065312 1884875925
1870155349 1361200531
2128997172 533960078
206860263 66821936
151885391 1685990498
648093024 526163346
736452295 1196034102
30201251 770705155
843782214 1954588416
186002944 675872658
2018224866 1214518180
1755992445 1671763016
1543980131 1050087658
802023484 1473822376
1479116644 339917586
744979775 1679737948
1908564900 1851532151
1433843807 2023286029
591957083 566454759
675659601 322802497
92674170 325457073
315138509 1891575977
54123138 1571446159
1963896617 573742049
208790736 1518697910
1497204157 165263787
870256744 362629241
1215931067 825333500
1563273827 1763367319
1611758333 504314027
1765782523 942435505
1031337688 1579970985
2018626815 6321542
525503351 1777397383
1115190778 146048804
2086180900 2000440558
2128099345 19853787
1429527568 437880048
1902865031 1762858896
1020296728 1809623247
2088966815 1074745899
816098102 1083243363
2146926557 1712577456
1102654769 1725580782
44873349 975835523
433697305 452356349
204022239 564442892
1334636879 365095297
1071522205 49921671
1645104236 1390692451
1463097095 555203498
1825395931 286304331
1081102627 1914980854
1625250358 1013419961
153630963 1917098592
2032166199 1391308251
416430463 1114337511
1804539651 681030482
1928444033 583953554
1740871824 660053551
288306771 1150124729
412885376 497608348
126952266 103517096
149529882 1057927315
944853081 2044670332
434480722 987069303
90463725 212206963
800869704 602897228
1590841485 1701323363
115151033 960111851
593181806 1562324823
1323962503 793385067
2012471713 852071036
1306250054 245243639
815615910 688579824
27317145 890295512
681659060 1878760115
1934064312 1792987639
1295639680 1817321869
1127804803 910621555
1256427484 1378184435
860861644 578385086
686886787 913563312
740207045 2084603605
1376386777 1795836632
422347917 972518775
1796076773 1049195623
1897522230 1891144982
1835819053 413332804
1596724597 934743541
948783915 1583620931
338417352 1838768545
1917857358 885844705
1019125350 1609260257
288250890 1103557168
1475862805 1425558002
1280726712 153680456
320413015 1164028429
1228375311 203793773
588117344 1981151958
1275208222 693924703
719889454 798957779
1966108491 1510622850
1162988168 1213813883
391836393 1381409324
2075647786 1520846917
587391739 1651081175
199288330 1473109108
1849201374 1388983340
1522932962 132699533
1159610867 2034102614
1726065417 933213553
1697368717 316848106
380729246 1807491534
1082675523 798400058
386789129 733089115
599914202 1995214179
401330094 1670877548
1849626710 1343727355
2012422343 695517973
395395795 169106553
1154158067 56072045
249162125 1650044139
1745342816 2107485703
425923996 266173824
1229956541 1912124542
817597963 378961917
1945725880 97808954
657073695 689942179
495420612 660528563
1158171705 251924947
2029263300 1300767911
1750106067 1431238577
1303285702 1992956953
1031644733 1490820084
520176435 1748972561
71734718 871349388
564621851 1978921656
1352555359 2121429467
1286452375 860820336
1357793939 573551950
1070523991 205335938
632356127 308320833
1989564931 268239827
691705464 1540739550
605009331 603203691
1039500914 1821246911
364940240 1038554184
1203580147 1604449665
2129492959 1360224923
859783540 435424188
924858350 770637605
777402101 682948010
1766245503 600460904
548574582 2064040263
1151448559 919270585
1596317444 1610374678
1308841833 468829093
1938365755 1621278785
244699078 911058006
74649352 1234119404
1355841641 1591559771
1847108311 1486819324
343637211 54127917
1888311592 1718874234
2070007587 130906375
1836209263 946115386
1370683624 1245876580
1287165649 802735810
356004691 553750001
338539227 575449653
1080574925 977145467
163992258 639944168
90339729 533225511
1167941864 696392198
278311748 227368649
1859818686 1436872522
193987657 673253713
2045384625 2106377635
116069164 2089607355
1838030659 2037777851
1419259019 653872710
325622361 986535764
920444114 458486041
1856414048 1771902513
93650425 1187584297
433688857 1184146491
47731048 1981607534
1112328337 491538673
604897510 2121297012
2061810023 1697535592
1977728917 383736941
1916239914 12845545
1316912485 981190460
766695085 1434600592
599060436 2093201125
902432208 103046619
1219564012 223139717
1603421402 580309326
166305544 1431778454
1201064956 155433099
1707581386 1249744004
41417661 1062975136
802558582 1196966660
1123184000 470228728
1979805568 1475178265
1295595506 254985461
2019699733 546170140
1593259673 921984879
1492715215 90584031
632282070 2122733571
876542427 162486081
1143079420 2035142648
462846470 808156845
597946574 1436456505
710903424 1688300559
2047039981 770237023
698419684 251083846
1228308177 107608713
358528476 659488253
1823668046 1533359086
1088593673 623029176
1131165176 135146200
1053962960 110400155
486464053 1964832133
1128279013 1890098574
402662292 1529788491
342026348 1961878813
63525228 2015645619
384970130 558781400
157213191 77797715
398404536 1964342896
2007586819 1734264061
1643604985 1375167163
1593335899 1156511770
181968729 1942735356
612219329 165841771
245414219 96028162
1866499165 2125648571
2029975027 174536432
1576300830 381510933
708692131 1842351323
2112128940 156362089
1439173639 1565585048
950250272 1279239742
1492140878 346128841
1207109129 762341741
162815398 1523874094
1605357370 321115707
1338641438 342528365
685654237 726490779
1717280822 102454047
930140938 2139533113
181215165 826697641
1579295158 1582323634
667370550 1513289143
1984955281 1800875925
1110817001 412796755
932774715 1925782714
745985708 1611476661
1145390928 79427166
1771654925 1771865441
1538407881 714041685
976987554 684643108
1961274964 1011696449
614837655 955567446
808641230 1493669795
191147764 17359508
2008936220 1824303323
1717158418 1968630105
1764947849 1065921310
137935950 546771069
1145319676 1639960394
385668819 1949414702
63888822 1460922775
1039770376 1512530545
1108622918 358452082
1045413829 1612359699
59534957 1962476345
184543831 848568932
1477241460 134155844
1187317416 1358790173
799316257 1694414138
2049482236 105827631
1301815826 1412236814
1428710342 2126905003
923016839 1056036242
888065881 378725904
223198242 643119762
403818495 2143562253
1099906278 661573887
1075722919 314945756
1858780738 1667462010
1656482972 628702558
1569446149 1326372623
989049266 125748495
600659653 1993037657
925418845 1831893062
930274487 1089813247
175722823 751318270
1632262536 1990420563
949375149 1636066592
1192438224 1569059518
211231306 304522457
486116921 2144227876
1186142686 1775997095
1896717802 1773049917
137075486 4007467
693737556 913466393
1848791287 1266754367
1900624204 47899637
1290371531 639171882
1507963663 1645367343
1604494177 53062253
267880680 1040663122
552661777 426876389
1297474810 248061812
1777336448 1723176464
1155725613 845342800
1212075613 1826893870
825274629 86030941
1942891779 377256326
1169274160 284272268
1059027517 305840594
350921786 1791060641
1012889479 2137064874
1292839785 811052194
196010201 928579444
1116434777 456940254
378472644 381742453
1337147131 1653176693
819373960 101045549
1899533601 1363037963
1467492715 499678120
642224718 939218906
1741422718 1584249006
1645854712 1974837120
1935830897 2028637369
1499477367 1442382273
1665599800 70752150
2105703233 141682452
264574039 2076042494
270817447 1531074242
1139635228 303134015
1901179528 1902629800
230211019 1378580422
1204056228 209747380
1089486709 1220848670
121238099 475733766
1181598109 32581848
1044152585 1637501883
919041980 127895442
895438928 199681278
45376997 1856298635
784989641 330982890
323385049 874873768
444664353 180113966
1414778332 899637117
1383328565 2058896734
1473625548 397668673
330562042 551814591
698493889 350778239
2003865989 111284365
1832151534 431031700
157223392 430077740
205287379 975770702
1935490713 1759190790
660169398 1810005251
1852493876 276709311
1449919529 1441802043
776547966 125630458
1382199470 1375859126
604010969 677072486
674051328 683490751
1334561001 1067560521
1012333063 742578029
4266023 1318243088
1714400451 1043216297
623308714 1083287506
51438849 1515435670
996430450 1236256168
1891822313 245061228
785850330 1702305890
488446981 1994703221
1860394195 1152367459
1568265313 117726639
647210294 244454255
161538867 1975269122
1775366034 1432257528
542731314 1819525675
279450869 430615164
996645570 470824906
776064061 805984003
1970170509 340632693
153400071 1170856146
1505242470 231782888
1499277157 170479755
727369828 589457979
1584155271 1149923317
2100250032 1840654837
478154626 1724459659
1029598549 598947115
407527385 377205492
2098149637 1100808059
882353015 2102314988
1862008180 1600404332
121862317 894189955
44163760 849812550
1340513471 1611705411
754142281 658580073
597787639 1499733632
1806314795 2010920616
1951947565 469799506
202193413 1530720613
165622140 389126218
1956234135 1258672008
1123893721 613417504
1680848836 1578958345
825050771 1863447561
1078614285 807161297
859557529 458034712
542334824 1015503334
526627650 1076293599
288890679 385665422
984114977 499793285
504197983 1767687325
1714182328 1202748053
2053859679 31250909
1881759918 118104430
1646279252 10418982
31332332 1931567667
1644238048 117332347
1254377682 1023877014
1148682928 1674144106
1501224150 150549930
1762861999 80973450
281276360 1553311272
328116574 1362544685
1184493694 867182703
67371356 835154660
457909866 1404385614
1556596541 1976897006
1168108012 156135864
689843909 239665938
1597344668 1857462983
283617325 1514491463
340138921 1117414325
724995176 738097848
1586833125 1645607475
1724311211 121221108
331569490 1702515189
1384656631 284769817
138405749 1620132772
608499300 1349748347
980313732 955535573
171218348 1939333364
615674062 1112211641
24449068 428988723
399920661 1043915429
2121350527 1259095016
585426907 41305927
59101521 1454388754
2002077273 1675217384
51570733 1512776227
1010939179 424329046
1956247591 248093567
758555897 395211470
928416200 345219573
1716808333 1885163766
689567569 1684965670
648985232 1794029786
2027838260 1091799979
2054630478 148982075
1480728860 797107318
1308834834 1375090771
571962300 1552069298
1091971034 722490459
1342630899 1084969541
1126376889 1525210592
1069336511 2090393064
1850327925 1773197757
937904323 1014297553
1513406713 816841093
1022692874 2119177390
1637895255 779423087
2077963221 605624853
836152496 1337527512
2138110308 476882700
166591061 103049578
2047447149 1047232295
710702239 1155430167
1841035113 1666682882
1219832305 1828206459
1510145858 717744654
1450666715 460113044
1564377519 1938420182
233287537 326460361
1115076504 785829459
1487410108 1321349505
1035889112 615277826
217849686 1172633169
790723206 2000846136
193628807 1402192667
1792414982 1408606983
1443748441 675565765
828669893 47897428
2105004756 556311759
220618458 1750384455
1767085250 778675376
615627519 1383023100
1775636578 316144066
604952570 1476305075
1859973825 1557333191
131797128 678969541
259071205 991995358
863782829 1272956917
1616096545 120715983
1698824176 948459516
1725622537 1669923915
817677349 242064975
1818657651 1135454840
380891863 751206877
1166443424 221318146
1828870269 569414239
191040147 651509786
1142668804 808613112
1498974144 505349590
653265783 1033185428
940451871 780056883
749337229 390330103
1609240655 631812634
397946260 1689312742
1855505734 668859158
1813687455 153050049
2143888695 2016120529
676667650 2120436782
1259730180 1709746978
899560758 352086445
928310344 925489676
461263236 1344759856
1081111473 870797942
2094320597 1069371448
1403743606 2027024078
1732824648 2021061168
1841170297 1217332737
625849606 1655974779
2085672969 21870006
1659169618 1764117157
1494147878 3347029
1359288882 1329181523
1631857632 1941116221
1635744763 1456196958
1902952013 1492584859
1446760224 190984686
1186367461 19372095
28613526 334405177
1283448776 657590436
560623917 1049735736
575161426 1983636515
1792709957 1842377528
1408686348 1201084129
1988895748 336626527
327810390 1653215967
120868763 348086407
1777281746 700394431
268156773 1016116060
378865758 695703467
1999809662 1269496796
649100562 709534396
737118541 464977726
835052517 1597702157
9605499 810439982
1399356998 1447345709
477271949 896593071
616740776 2011866543
1769523308 1443972012
1366417288 7292803
27175833 1490111713
10942637 2059288598
1470929975 1856134786
2049195244 1202283154
1354550049 2136427996
1223866964 932001832
94175477 2053810626
875303731 120473633
866451389 1129151464
1612653442 1141484074
2142321354 200247433
1590701495 1304023752
1441105866 353937797
1589699736 398402959
1965314639 418506291
487340327 1743034339
1031166504 738042149
1779722415 1716483278
1070676280 887996733
1604149632 147500322
1417031305 1687865503
2142556778 235014686
407063986 104747801
1635586894 523909621
1928414088 250837783
352166473 1125587127
1616047770 313260322
2066096674 2122615523
1110367129 62444232
502671941 1583932685
447680127 201114478
26785746 1246268298
378003885 538568939
1514975278 2115465499
66201380 823797542
460884457 439571159
1179014666 936851123
1331451408 301948080
1881250532 95470256
1942873181 2083376049
290524070 1962721038
14912913 984587363
175732012 1064135367
331096682 327711524
1763761695 759692706
1127743769 569216133
1959433983 1561843793
1704865850 94041044
1715134484 1341932614
1502575400 930537554
1979035684 1444562829
1493346729 1200008504
278729061 272970975
963275318 1037041707
1838215547 255404531
1114381391 1564980198
1820325060 2082890333
758328571 1646695571
1841834139 527021262
2145246376 1413742324
313908097 2107365458
528767227 1251884618
119926956 1397528437
106020855 1204233530
181925501 1771853137
1843833538 1494996659
506452016 1101429943
139322952 1834398706
692595394 19294485
1421624590 1905067620
896911135 1131752386
619352494 586581765
1352945678 1556636695
165761520 64588426
1403360393 143205806
1552273805 269957635
122347371 535501598
462487191 1067197582
1929221809 1355513204
1994164903 19797907
546385811 313781733
612378698 1699605005
1268452417 1390502130
2027757110 677958616
1974938809 1192641773
199485130 1525841440
1425705240 610622019
280929332 914021663
1691025662 1183504138
321416738 1965664140
1137710288 92584340
1477400252 74523853
1891590821 1948154955
104564628 516799044
843146481 568907834
1992060429 1249309021
872428756 331751504
1696866098 357655906
1384484987 21167791
1386497699 1401786607
2025969509 287607575
1421154648 1839049084
853132864 1506387901
772291698 399811248
602860074 1368667121
316920069 157091333
5829420 587834360
2131046445 116139041
1772447648 1595287317
1810974165 652627724
36954486 630210907
332344620 1801420293
2117456609 1122120458
1313807888 473110417
1955016029 2004358036
626860131 1819571060
1794950253 1765742549
972961567 1471557459
150697965 863717993
2096366183 1528108132
1653041427 1592151725
1861913680 1192844720
1102676971 1374661687
1659650180 1931717544
661489151 1875457440
1055310263 1558267411
36070625 1013730156
1314361960 2131103527
1379290316 339212139
909614747 571358459
5413873 782427798
2146419655 1587920860
778549783 70282350
1713649857 834914207
1827203556 1264685901
1457998625 1559160284
1750687984 1214213755
1140948859 317295292
1601552795 2068831522
497668216 1925999464
1815766316 1206169073
1572223824 2031259644
1186308564 750772825
386664608 1625704665
1534983783 55772001
717649068 60687397
733360373 1596666125
460227453 2055961057
1040264530 1714978212
320440791 1529996006
425378114 425670671
677723482 1428034420
235295872 1033177384
956041786 1275031536
1971316663 738789276
1038413097 760776782
214377951 189759974
733786795 179167175
1034554211 1236197047
16657234 478304495
619302289 882003495
1749656629 1554787685
2111784716 353016520
518301297 87241348
1233810117 1308968234
1508320429 130206874
920953454 475369418
844934425 738254602
362090197 125673803
115533313 52671446
1515228246 1711249448
310533504 1127309233
1452030642 1320751656
1951201030 57023158
979344002 762530846
1659555250 141695298
387902082 993112058
1013521991 1051608450
1404299245 239290663
1526167716 1412571410
495460064 1016108574
1371501829 1962133637
1300362754 1813725926
1934503499 393967554
485448481 698304373
475571836 2122635486
1567013082 774258567
354070162 793794007
34484140 303543331
932199699 2139521840
1582854769 918348412
1698822352 72457461
894263069 1559938256
681895177 799210331
467022991 1122894127
370750226 1339361071
1196037347 891860089
1146257870 286501673
1418153153 419687920
175758949 33541327
286280587 1949843053
330522895 668414083
1235452315 1461513799
1560925944 1086336897
486662350 1220328187
1168882738 564600492
1297998892 976761455
469131438 2143856827
1458105658 2037559820
1432622782 671158418
1537543256 252533918
466434696 2089115607
344376565 1974022025
1926946281 277703976
37479037 777402219
2030331136 491981623
1885245171 395788896
1598225237 1291266418
179608728 1358144350
242741549 1414559338
2008129445 1164149638
847434417 1004394132
944984281 2046493846
1289998435 2141492766
1957936121 1729777462
73162681 1095329066
1649242954 1863553543
993867147 1393383782
500504876 1806270309
2098913250 11024814
136232968 2110642344
381856632 1097483930
1919833544 630780703
494641311 1174370481
411137827 1868467645
578456818 1300523217
550422484 358679356
841822475 1124979756
1168010035 1968401388
1700531510 1153311173
1463178250 638988720
785994596 562929203
1119893300 415780831
991852845 908335776
2064683419 270984549
1900126384 1505654737
