1000
1481765933 1085377743
1270216262 1191391529
812669700 553475508
445349752 1344887256
730417256 1812158119
147699711 880268351
1889772843 686078705
2105754108 182546393
1949118330 220137366
1979932169 1089957932
1873226917 715669847
1486937972 1196032868
777206980 68706223
1843638549 212567592
1883488164 964776169
928126551 1301950427
1992516190 1426542624
849040635 941604920
1400427944 1994719310
2038269862 659998484
1280937363 1681643301
725914710 1729267236
2023351876 142750431
1840579929 2098560397
1910500675 1170970491
1856224190 983059344
1718458134 1876268425
1764841629 398844030
185252727 1370429126
502141743 993687334
15934104 1363674760
904629749 2047965620
451230256 2084670932
561035572 1840531613
1248402490 1518954509
614127119 683337405
1382875695 1843654049
1436430327 951656719
120033497 1669566824
1277092596 219218649
643287356 2041654184
1429623093 2035222245
1888581007 1505099306
807426509 1317442754
1853580352 292425665
944216783 589638738
401170801 1086979690
1225161330 1444887337
1339228195 131636656
1182095963 1211082011
1152299427 223840042
1287487106 593400968
735206212 1589759001
2069834510 668882480
808284658 1201886571
1014983331 2086000814
1361784847 761170564
801013197 730103625
5748438 1576460931
1267998018 1287998487
1883570151 659169187
28409913 2145324179
1148026995 1783671750
1994411750 6364913
968295562 1559931134
653962273 2011243547
241418521 699304830
261159140 1968925557
1891777678 1928854726
542938503 1135550597
2059320408 521884893
873213988 2071339238
1965117085 1525440093
212677188 1484742720
1852483211 533958746
583332387 2080815710
217079209 913595887
1931858668 2002583103
237123473 1963071900
825207674 1700375105
196796183 706140952
9984370 1976151787
1319159302 442727410
232021905 578512110
303305400 1117157996
1269950142 471898585
1343191860 2114797047
1152143924 338685731
1762321158 1749675386
634535219 1114316400
68043415 772004055
659481682 54969874
1580643061 1957115006
1948283602 553189268
1023689365 209050470
587136518 1675026723
1817376089 333349106
1185694319 1783003130
302247655 1987818732
585293993 1182559974
1041127595 1716688810
3823673 1999845055
98508730 220256095
1600558245 747030705
1575147694 2145222948
718559873 348928353
2109934474 1377520760
288380741 1209526756
401155644 166723143
1287531640 2002183737
905284679 347176135
934901149 1163821529
1198427210 2070386607
1003224417 204255255
646953787 1182909373
209707626 134707445
801884112 79172
509813595 1114827153
691055053 2024505183
607161717 458914655
1226846017 553909176
1899333077 14238776
819515399 681350654
1221792728 631623002
957482161 1097905455
501708870 2133968316
1107735694 130019381
1106757930 1140807480
81126604 517753386
2072861359 682476207
818041954 1419256079
1923373702 858421365
741274453 858703732
1072439836 1434168432
685894563 527723017
1309435107 1085983583
1222814910 1304108467
1286148116 2129671546
288551719 1153725528
54348071 894080107
531178256 391458520
175922353 2058976528
1097888154 1977056430
1364873477 1084695048
1874846520 1440931204
2110483414 169580810
612835719 606947925
1070258298 65332131
1579011701 1374726709
720130751 403305022
1517512817 1877548652
589473924 1844934695
509860471 713161153
927004625 1646230978
1195355616 248501142
1162346597 1445357088
1274341732 1475831917
2033644404 1860692743
1441680395 1153542749
1333654407 383555936
1399374302 178883767
827166045 1499751563
1868830340 167033398
452444896 1796613051
310287807 432751767
1714404997 2078178978
236080650 1985327809
155562330 590092360
1104530716 893065161
901252293 1081763209
1491323753 1463846098
326665130 1390979634
527534543 200171889
1941574088 234179031
2062300692 1324920401
1691968674 612172294
1731415693 1346491165
1081471949 1541238765
604257737 411582458
360400841 970817048
53465943 1414036229
1170490215 2021467389
28707209 309610388
2014059754 1103580243
1503213501 1738262271
148776516 1756377564
450650277 1164186912
81410005 381320611
1104667212 1417872782
604083092 1205023123
1287159201 1722668324
1863334004 635231437
463352602 381068804
1734163363 347371391
1510014273 836056575
1059749906 557511759
1861506626 110751896
1934278859 1418587763
2112026358 510083577
2054150484 1296877747
91507156 695475948
1106023605 857575454
853016194 1394623359
1073113430 1408884323
362645883 600221024
1311361447 1331020202
1789630847 78408876
2064206049 1886071792
806799588 2097749304
2004909133 1461651558
931894842 154736414
1418544567 1434491728
722318506 325228391
39987000 107488992
1097051118 82953398
1251951718 760329868
1966331975 1725640579
877082119 1917831363
1699274596 1942525379
432507916 1362431466
1141343840 1665564232
1631816430 1349677414
1794593155 248294571
1037430311 1605816179
812840796 553585300
971464216 1008690903
1029201993 1039201055
457063728 1726212481
704495905 1233326029
239201037 1393479897
470441286 1484908657
1265491377 494070682
685789554 1846206506
66110757 481376529
1018269580 1333824641
524643866 1117104852
1739141933 605540660
1454008490 1639712616
1099874732 627711606
1882688114 1920301185
261856647 208601227
1432859435 880180058
1877819183 1899971110
1098551742 37649374
564730604 1384404671
710498872 279314605
860610480 1885352671
999426979 298088717
2138045481 1752628680
884423791 2127991775
1257083000 678295046
1122491832 665518468
988334858 1522010226
336758178 1761818666
1180219468 1259406254
961603703 518763463
196150922 2138392511
862720893 354043648
1546965957 1466668831
916382919 1322111512
164897092 1258046232
478762220 254320223
1715848038 1696058609
2006807452 1341788522
1604321728 1382741976
584975152 1537501517
1471641423 180281402
943538704 390271936
1860379350 1895591035
1631817825 952331128
832433964 2102803426
2110844165 1339394775
1588783404 1455244164
308476873 38297258
938993624 1048555821
1930358829 2139193777
447992224 117920226
1682827604 669388451
562105037 2028664838
2019386625 1464321379
1297990419 1144638575
852188688 1430549897
1114506820 1413917078
947037966 885118797
1841827055 537716674
1060528228 432220402
1885642676 2039294279
1906580382 1152334976
1970631261 751486327
163311491 51113282
27170074 1634036761
113597342 1881628697
1108087033 481509805
2129482318 1376731875
763558938 216482320
1947260757 1790613439
619313288 801874771
1241424527 1336030856
802799868 1815458064
2070592570 1009134479
1250486267 203774338
185251411 1108323206
489353746 1808733278
855272970 972917810
2104285884 351195142
941104596 1288617208
89827071 432607168
109659376 1216685007
873783312 1173748948
629266717 1482338357
503156218 921499854
564230990 730359853
2074025239 1695848449
1213508984 853952711
1333033974 791618821
566314636 598476328
2121455785 60356493
1409982267 1748704243
875677531 713526954
2117009139 1207248983
278464283 1850951684
689179015 2085406596
278706088 518225534
277281651 556727422
1277164213 59527889
1853102625 1770433885
36761397 1623022576
365780715 714519849
1292149840 1069560513
1029708888 170396422
376727279 532705582
483951940 1136350866
1410215546 173227800
682687163 797241922
1162436278 1685673045
853477236 1335928757
496677899 1296635185
886027271 1996606817
1601537992 2064630432
566849098 128623131
1605919245 568066184
1220226186 994162635
1372563802 199429704
183411850 842511577
563641187 1344082095
2052770292 1884096778
1100747337 1459473287
1389234619 1200824515
2103210887 47314057
1533584453 391380553
1875989888 1257188583
1799204785 409247175
1622912089 1489252809
807062353 367555595
1917129097 1037007569
1456590270 19815168
1974817238 1488226198
871902483 1421877144
1282858591 1778927100
483314942 1121797353
1131959585 554973902
1710624189 315469145
1100017519 2093441090
1291092544 1524649669
1380886342 1297330760
1551482697 1714001700
1616740977 1166822125
1332884083 1770079778
1500744350 967911703
954882794 2255680
2094585459 732013956
1917509526 1292597520
24780975 915035296
1698868148 1409718917
478945608 1829649326
447943845 1463890282
1540636934 1823976466
470761036 1205254645
1748618304 989502643
808450025 439335255
319628369 498501259
1130014323 905277879
1378954182 552577707
395170739 1961969356
515016123 1502577918
1065189335 1105271097
47900753 1221544808
630556269 697552334
1365019485 1602729120
893090906 514932214
152201680 1173969070
177169279 2118275762
2060717375 548636271
1745745614 1258227744
1080478063 714283326
257032043 1038804875
1214951723 272769057
2119826911 1433509418
1099044961 1830678472
1466378811 1388644766
1258014823 763144839
559325074 832982510
2016619802 403802322
397147145 1074369922
1307241236 1619990833
1086024347 1824415734
1556587278 2105910311
1359827009 846594613
307819437 61699817
225550213 696848150
1808026603 629056069
1481858287 1229915491
2073836549 760810055
1549232205 535702629
104135668 1684357629
946355252 366619811
1880675250 714777970
1072603645 464813391
1589403090 1102345774
127483564 501832017
1988875958 1846160353
305352816 2040848174
1671189783 1693904716
718583407 288188008
1388646894 475908256
382974263 1021817290
903506249 866639895
772315882 948801906
2098119049 332167023
1090543449 984872853
2038742564 925804739
773648064 747538802
418344073 1082024643
1908911711 1900413059
1567506547 328888169
679620976 1134381152
917548833 1579233404
1989349348 1706906089
2052516265 293093510
1011048302 745411997
531770466 720217822
140798883 1207817128
1033522980 1971002845
1890522095 990265717
1358225049 1766726419
1355198126 1424365729
331750578 2096129536
2064599183 1238258574
1455658048 1443945038
21293906 1591926313
803118292 1715681891
1979576219 1382647790
1033148016 95827548
1296887763 1875221517
653528017 1746795941
1971404448 756912098
2034318386 350621222
1470551807 1632646225
700130694 2045292424
141553547 2018090483
384142618 2017170047
1048973890 344555438
439953564 1312083895
71239541 2090651077
770640917 1158588232
560775615 854366610
263875725 1857719385
1077596914 1159789171
1900106306 1463785653
801823640 738618398
185967244 1952339209
1637793905 1415516123
1030506577 331017280
1861396580 1243681368
1323822158 1504212670
901157396 810800351
1621461943 163503266
562984838 1226454173
2140806731 795420852
2051148034 1710691981
1826087862 806457298
1434133201 1664583939
1553515998 1628532311
271428884 1626471873
1683200258 979193316
963315143 1013063478
1016194674 1452500437
808103029 618869415
193202571 1170075467
1207988557 674043135
25154455 1027737292
1006108548 959398704
1794437291 318726364
1468555678 1238744708
81991855 2011691067
1205536273 649104225
246387401 1322220426
1021923565 1179202287
1229521299 46530724
1154003916 760913949
1689799210 180651453
98135523 1247054858
720638553 198879002
1634540155 380171959
1522719106 1896121287
1300644357 1300299003
2137689882 521987984
742961487 1844327810
167405442 870253770
1919479961 329396786
1919950701 1148346548
2123637097 682115875
1111760241 1811568918
173058980 982725176
947756015 1748835633
1794613354 1142148194
1213993355 81598170
677103892 564868322
864038653 610602501
1983183523 829395378
2073980090 1468826020
950667042 1335860267
1900160152 647788390
1709072182 346775475
1504025059 1300156692
258673572 1211721642
1819742211 1208743262
581617994 1349984116
65848275 1340895924
541982384 2076320106
896880779 338778373
1390314007 730000666
193394066 506215142
1801801177 1216176281
1611364774 822833934
1558556786 1138269517
1111611292 1806370898
63908348 619680857
1960031553 1695214620
324746014 318802820
1629635411 512140605
818097730 503305889
1887756778 1911328503
1079667717 1853224215
1885060255 856469960
1682625505 1274547453
402911554 196797611
1167639339 805406369
593318031 1600657904
344449734 1319869086
129689035 1153087016
238174445 653925165
2136563327 59836876
1359279134 1428708600
1975042579 148304602
2088771559 2049113651
1463119870 1525381745
1350785153 497981947
1953613251 1660657518
492011413 1874545483
215906961 311841130
1272072220 1552542865
1713141779 760466341
2138431875 1376405567
364885243 1305453747
899166257 1290672620
595147196 1510679016
1689490346 400543687
857313447 1517356201
1192965569 2134249443
1267362632 1197960978
1956852547 93656346
337536635 481277264
1608819247 951589452
1778229109 285770895
569138227 1500525102
945159421 1647280113
2111234890 127378217
1740493836 888935123
863066586 1629164617
1988312251 1226980840
1083839727 691638031
582370886 1091997117
860309225 708539447
220933718 1032940838
1830989629 214662425
670050999 1233705071
2131262089 421304654
2085928080 1389954751
1122758932 1359929173
352738139 968055219
1046047210 43757590
1324395342 343568262
370078547 1905657454
618918184 1398879717
1566787097 1021017917
1488700266 2069017236
550174215 872536347
1740683608 1835056917
1994692265 826490661
1390762440 861357370
1893645700 1637483900
1368099134 1379383235
1928979085 476924477
1312626430 2073516981
354374179 951453823
755605092 1790560362
419045683 1245988338
1097808788 1418483118
760015375 262302956
668891966 430736328
153562804 2010596831
294751135 248578387
132096358 262283694
1305217963 258312592
961861309 897467550
738169662 974414749
158189973 702987407
2072137508 592167667
2050767478 1152851789
1001264194 2119719946
549549491 2101537886
761483580 1763399728
998792834 830933670
2004755460 167107035
1048133185 1429685069
1630460895 928766487
1974898426 953956955
1490800431 1476817066
1800051610 284286960
896797031 1495281198
1392312293 670969079
480575490 1814358492
1278081781 569659699
1009299327 1330059239
893297042 1846001781
383705692 1648556097
1858653877 20406058
41584241 608746771
1035438310 1258544492
1265440640 1623749367
1418940299 1905862808
1825502019 591937410
469011568 969615456
1652144758 1985967187
1512140933 1708016268
256865737 547322232
849727456 2101723812
445807728 1722247523
1319349534 1165573478
940371615 860690038
555870255 405714402
421068693 1700169308
847762665 1927028801
1825455001 642884966
345050006 1522413358
1145965852 247739380
585026913 185864563
998378536 1153293634
564683042 611004478
2049135260 687792520
1626697490 1277132976
920865226 1199186103
720370821 870045469
833157369 1071331214
1424435199 1276755203
157680494 1074026838
209019760 1821626000
1749460551 539553189
280750611 503508643
2106815863 365201007
916169357 1263657705
1782928040 1855555417
1025712390 1272967772
1167166144 222877575
568588541 1334778116
2049689310 720761431
498464749 27365901
721948100 1639374360
2111961561 71958201
320709160 703623347
283057001 765266811
1051112411 65490442
2017899552 1680817642
2134336416 1778344320
1584947764 1675084911
2069247781 1639180305
765131294 1193002244
664021551 1240095187
446847611 1514434791
1863767694 798655714
1960067619 10230177
611232975 1654429677
1920051000 1383583186
1267912214 175885281
2008863522 302424972
825316269 248850997
458055050 508913816
2109123645 356969422
870449294 915599463
2067028331 415050550
1898131134 1370012004
1204737078 336899967
2004165002 1303714230
531067523 1249260476
1663901816 2069044225
682884950 1001030837
1102622786 1463916797
1935779743 124099554
1921769794 1246949549
1054026448 681082525
1661310720 1854533444
806934110 21713806
1416850532 166880311
1813189047 100862343
1382031709 750032682
272476882 2145649346
1970842825 1565264990
182263258 174647528
1082871958 132235870
1010031298 178045361
981017442 625978154
442277112 1677145251
645886697 1794204955
1745091175 424284298
851198523 162597316
2084045394 415129161
2020660867 428674056
2071947583 1330824800
1054093884 146075913
1859653540 1992020657
1239433565 1139272350
67802153 966882980
4986443 999019472
1901783821 2020249634
177438753 1708161508
1730748632 488786972
1386189633 748537011
1217423967 193529084
558096096 1667752246
673547622 480743490
283996397 511626939
875312886 1190837891
639481662 1664302169
919410058 1370686847
727223578 549240400
678748153 721410889
487223393 1060676627
245738928 1285874346
679089743 314496330
959937459 472504413
1002460601 1028433941
2131090187 601988546
57219254 2076953341
657005413 2015112233
682396282 2001971933
1866378830 86821822
1439749230 2099369642
1744637878 885405110
575543394 781994473
85609903 1144007428
853285175 1525045404
1284230826 733631171
1614326038 1460907616
1581177178 691631554
1984102439 2037777390
252524226 1859285711
1522852404 658590723
164973691 752277840
2026688753 1829908664
1872555443 529807647
15113455 1038890516
1657975687 305129304
1052552412 1421032480
2136716241 1018999630
914967246 220187521
1283086177 28738903
2112339573 1215402379
1967110164 283432431
1013172692 686755198
982277013 1071630020
1359096229 1055270389
1814250347 1628132449
1694610242 1168932195
31507629 212778477
1070058662 1633604639
1398240433 60622025
1539035314 570876016
1242950260 378152795
187305739 1995580958
63652207 416404701
148298793 70304216
520487065 1871209279
1075806424 208121478
401637982 2000707565
1118961786 1516240165
1658101517 459438146
1358424144 1752506666
780959036 1436842588
887666695 1692599527
1306397199 1304812229
225612291 381935926
1166680162 1780253303
855681219 117046070
2001823932 1037331285
367543106 1781905431
1695350605 1133836881
1635710201 162073461
1523589018 842632943
296293369 1366875772
170398181 1922619930
1950624066 349095534
1081746292 1881238360
2006692252 496135784
265634629 285617693
1466267823 348359587
220483453 172175765
284828074 98679563
446037842 2094591821
223893769 1365068920
1614649486 1486878816
1322977006 2036721901
1146890588 1087936797
75352500 1543253902
1487756794 1996748822
1972416891 1254651559
976828572 2027342588
1386193044 280480877
1721964359 2047803766
1303109147 1757557784
1769054787 932530106
2010587393 1614340453
1462842567 666486847
1977745057 866348015
502283127 1987502256
2114707877 125273909
1900885991 285676151
383332696 868401393
1057675372 768626281
781688539 1435566049
679005864 734072041
1626452615 1944024642
1372725366 1306698802
500303842 1495879632
374742166 1251667249
1123061690 1115850671
1625119170 956297143
854187516 858446356
1686590011 1786554706
1890892107 1785011386
35836441 2125640114
829545804 518535795
379732697 548463804
201407322 1275166430
198280399 746139713
515563533 876712343
1614728942 1871921717
2070441017 968675662
1803792585 1679634272
372014456 1106078080
489011397 1334186511
1751595761 1215452718
538917957 707157939
693964391 1220362770
1303367460 915461020
1158184286 861672196
827000504 863555463
941916825 1323153250
1143359697 958675149
1100556824 604447704
2028119040 1373625792
1293797920 130092321
1786229373 1443580525
370331422 213582411
1459580600 1894816289
674482005 1016052795
1665396570 1666904919
978080508 1356952478
706833001 320021011
344180329 628910485
602440535 334010550
679289563 785888870
121049330 406873322
67328100 1608937079
1962912986 1191476494
726621364 273147499
1939071307 848809537
172304434 325506322
104577647 1179941811
2066041254 281174777
445470869 549298414
1512239361 1244552500
1553434555 537276894
741906704 951144845
621799696 439767218
1728914975 718718728
499655605 726919825
991511038 263396532
1627686247 1087104145
717102363 1949123466
693981415 278174200
812760324 2073234568
1026453872 2088198026
954311620 1771996164
1394202444 1337189611
1020882329 922733587
1929067593 1630034196
589159522 969241520
1328315897 1942657236
105352850 1462623374
531567234 970412686
761398067 990064743
1759639985 1901139975
36424251 68066625
820050339 137556632
40263954 615536886
1481780249 1738217062
1752224585 299019397
1261961545 1080828670
774973391 1627144559
1224390164 1013289418
255580307 35060754
101124283 612899228
82920851 879038373
1646226 546060692
1593608779 1900413111
1633378967 1349556344
1772447088 775105440
1748149721 329873513
1737989166 992537370
1733190399 14232819
222647264 297914803
440028161 1048775397
1858354402 1980159253
205897587 586869192
2102515414 1018490251
1664718915 2074312157
2099175281 193479908
1308990003 1291715389
1375582650 1249949528
1454460222 1429083761
442232992 1397445917
1059331545 1617483969
270882395 61920749
1038052695 2122679816
875472536 2112828993
101494924 95769303
1794327727 652348026
2128789738 1750426626
151389704 1166253137
1697317105 499060745
179573761 2079958062
215774935 727824031
1832352975 381747377
2017952193 427140935
2041250013 1195912186
1688303276 2021514370
1399721672 1713401429
993153966 928860646
298419140 1128784439
1972474492 1835263945
1350698571 1973146608
327819255 1896631081
627987861 1405274588
292418843 585495444
114976381 1211733416
890568917 1341949702
1033445171 1031149224
43315283 436939906
1898578553 336481685
41764775 2056474002
109148856 12117320
4894031 82390133
1914771713 578639856
1584249723 2029018178
181220705 1830366829
2071410756 2082400688
1280092460 1098575316
1752943979 2021886449
833479148 1577248615
2058219298 1112527120
1341743431 730869483
166017762 270016090
2118894617 2112961699
1710457292 139113214
1024200164 1802080349
1444718776 559110509
700903061 752337957
1031368992 2079847000
1816120261 850507001
1192291532 751858359
886183265 532180969
1119047899 200008813
1096676381 1655486542
1946156671 170808513
1542461345 821160383
23985944 1822197971
24102756 51999808
1759240501 59345949
1753259082 852483071
